100 10
45
0 1 2 11 15 16 17 18 19 20 21 22 23 29 34 35 36 47 49 54 55 56 57 63 64 65 66 67 69 70 71 80 81 82 83 86 87 88 89 90 91 94 95 96 99
51
0 1 2 4 5 10 11 15 17 18 19 20 21 22 23 29 31 34 35 36 43 47 54 55 56 57 62 63 65 66 67 69 70 71 72 80 81 82 83 86 87 88 89 90 91 92 93 94 95 96 97
22
0 1 2 3 5 24 25 26 35 41 47 55 56 57 69 70 73 82 83 90 92 95
15
2 3 4 5 25 26 39 40 41 51 91 92 94 95 96
23
1 3 4 5 24 25 26 27 31 41 43 50 54 57 82 83 90 91 92 93 94 95 96
25
1 2 3 4 5 6 7 24 25 26 27 41 42 43 53 56 57 82 90 91 92 93 94 95 96
10
5 6 7 8 26 54 84 85 92 96
12
5 6 7 8 26 53 54 84 85 92 95 96
7
6 7 8 9 30 54 85
9
8 9 10 11 29 30 31 32 51
19
1 9 10 11 12 13 49 56 57 61 62 63 69 71 79 80 81 82 90
20
0 1 9 10 11 12 13 55 56 57 61 62 63 69 70 79 80 81 82 90
10
10 11 12 13 57 61 62 80 81 90
14
10 11 12 13 14 19 20 57 67 72 90 97 98 99
3
13 14 15
43
0 1 14 15 16 17 18 21 22 23 33 34 35 36 37 43 49 50 52 54 55 56 57 60 62 63 64 69 70 71 72 75 76 78 82 83 86 87 88 89 90 95 97
20
0 15 16 17 18 21 22 23 34 35 36 49 63 64 69 70 71 83 86 87
32
0 1 15 16 17 18 21 22 23 34 35 36 46 49 51 52 54 56 57 59 63 64 69 70 71 76 82 83 85 86 87 90
32
0 1 15 16 17 18 19 20 21 22 23 33 34 35 36 49 54 56 57 60 63 64 69 70 71 82 83 86 87 88 89 90
30
0 1 13 18 19 20 21 22 23 35 36 39 40 47 49 51 55 56 57 63 69 70 71 72 82 83 90 95 96 97
28
0 1 13 18 19 20 21 22 35 36 39 40 49 55 56 57 63 69 70 71 72 76 82 83 90 95 96 97
29
0 1 15 16 17 18 19 20 21 22 23 34 35 36 49 57 63 64 69 70 71 74 75 76 82 83 86 87 90
51
0 1 15 16 17 18 19 20 21 22 23 24 34 35 36 37 43 48 49 50 51 52 54 55 56 57 59 60 62 63 64 65 66 69 70 71 72 75 76 82 83 84 86 87 88 89 90 94 95 96 97
46
0 1 15 16 17 18 19 21 22 23 24 34 35 36 37 43 48 49 50 51 52 54 55 56 57 59 60 62 63 64 66 69 70 71 72 75 76 82 83 86 87 88 89 90 95 97
14
2 4 5 22 23 24 25 26 36 43 55 91 92 95
20
2 3 4 5 24 25 26 27 41 42 43 44 53 83 91 92 94 95 96 98
21
2 3 4 5 6 7 24 25 26 27 41 42 43 53 57 90 91 92 94 95 96
10
4 5 25 26 27 39 40 51 59 92
6
28 29 65 66 95 96
16
0 1 9 28 29 30 33 57 63 64 65 66 67 70 82 90
8
8 9 29 30 31 32 65 66
22
1 4 9 30 31 32 39 40 42 43 44 50 51 52 54 82 83 90 93 94 95 96
17
9 30 31 32 33 39 40 42 43 50 51 52 84 93 94 95 96
11
15 18 29 32 33 34 35 37 65 66 67
32
0 1 15 16 17 18 21 22 23 33 34 35 36 49 54 56 57 60 63 64 69 70 71 72 76 82 83 86 87 88 89 90
40
0 1 2 15 16 17 18 19 20 21 22 23 33 34 35 36 47 49 50 54 55 56 57 60 63 64 69 70 71 72 76 82 83 86 87 88 89 90 95 97
51
0 1 15 16 17 18 19 20 21 22 23 24 34 35 36 37 43 48 49 50 51 52 54 55 56 57 59 60 62 63 64 65 66 69 70 71 72 75 76 82 83 84 86 87 88 89 90 94 95 96 97
9
15 22 23 33 36 37 38 39 70
10
37 38 39 40 41 50 51 52 72 97
21
3 19 20 27 31 32 37 38 39 40 41 49 50 51 52 63 71 72 84 96 97
20
3 19 20 27 31 32 38 39 40 41 49 50 51 52 63 71 72 84 96 97
14
2 3 4 5 25 26 38 39 40 41 51 72 92 97
12
5 25 26 31 32 42 43 44 50 51 83 84
27
1 4 5 15 22 23 24 25 26 31 32 36 42 43 44 50 56 57 70 82 83 90 91 92 94 95 96
8
25 31 42 43 44 45 77 83
4
44 45 46 93
4
17 45 46 47
21
0 1 2 19 35 46 47 48 49 55 56 57 69 70 71 82 83 90 94 95 96
14
22 23 36 47 48 49 53 70 71 72 86 87 97 98
36
0 10 15 16 17 18 19 20 21 22 23 34 35 36 39 40 47 48 49 51 56 57 63 64 69 70 71 72 83 86 87 88 89 90 96 97
26
4 15 22 23 31 32 35 36 38 39 40 42 43 50 51 52 57 63 69 70 72 83 84 85 90 97
26
3 9 17 19 22 23 27 31 32 36 38 39 40 41 42 49 50 51 52 63 70 71 72 84 94 97
24
15 17 22 23 31 32 36 38 39 40 50 51 52 53 63 70 72 84 94 95 96 97 98 99
14
5 7 25 26 48 52 53 54 72 95 96 97 98 99
38
0 1 4 6 7 8 15 17 18 22 23 31 34 35 36 53 54 55 56 57 63 69 70 71 72 82 83 85 86 87 90 93 94 95 96 97 98 99
29
0 1 2 11 15 19 20 22 23 24 35 36 47 54 55 56 57 63 69 70 82 83 88 89 90 91 94 95 96
47
0 1 2 5 10 11 15 17 18 19 20 22 23 34 35 36 43 47 49 54 55 56 57 62 63 65 66 69 70 71 72 80 81 82 83 86 87 88 89 90 91 92 93 94 95 96 97
56
0 1 2 4 5 10 11 12 13 15 17 18 19 20 21 22 23 26 29 34 35 36 43 47 49 50 54 55 56 57 58 62 63 64 65 66 69 70 71 72 80 81 82 83 86 87 88 89 90 91 92 93 94 95 96 97
4
57 58 59 90
8
17 22 23 27 36 58 59 70
9
15 18 22 23 34 35 36 60 61
10
10 11 12 60 61 62 63 80 81 83
20
1 10 11 12 15 22 23 36 56 57 61 62 63 69 70 79 80 81 82 90
44
0 1 10 11 15 16 17 18 19 20 21 22 23 29 34 35 36 39 40 49 50 51 52 54 55 56 57 61 62 63 64 66 69 70 71 72 76 82 83 84 86 87 90 97
26
0 15 16 17 18 21 22 23 29 34 35 36 49 57 63 64 65 66 67 69 70 71 83 86 87 90
16
0 1 22 28 29 30 33 36 56 57 64 65 66 67 82 90
19
0 1 22 23 28 29 30 33 36 56 57 63 64 65 66 67 70 82 90
10
0 1 13 29 33 64 65 66 67 68
4
67 68 88 89
46
0 1 2 10 11 15 16 17 18 19 20 21 22 23 34 35 36 47 49 50 54 55 56 57 62 63 64 69 70 71 72 76 80 81 82 83 86 87 88 89 90 91 94 95 96 97
50
0 1 2 11 15 16 17 18 19 20 21 22 23 29 34 35 36 37 43 47 48 49 50 51 52 54 55 56 57 59 62 63 64 66 69 70 71 72 75 76 82 83 84 86 87 88 89 90 95 97
40
0 1 10 15 16 17 18 19 20 21 22 23 34 35 36 39 40 47 48 49 51 54 56 57 63 64 69 70 71 72 82 83 86 87 88 89 90 95 96 97
42
1 13 15 19 20 22 23 34 35 36 38 39 40 41 48 49 50 51 52 53 54 56 57 63 69 70 71 72 73 78 80 81 82 86 87 90 94 95 96 97 98 99
5
2 72 73 74 97
5
21 73 74 75 76
9
15 21 22 23 36 70 74 75 76
17
15 17 20 21 22 23 34 35 36 63 69 70 74 75 76 77 86
4
44 76 77 78
10
15 72 77 78 79 80 81 86 87 97
7
10 11 62 78 79 80 81
18
0 1 10 11 12 56 57 61 62 69 72 78 79 80 81 82 90 97
18
0 1 10 11 12 56 57 61 62 69 72 78 79 80 81 82 90 97
50
0 1 2 4 5 10 11 15 17 18 19 20 21 22 23 29 31 34 35 36 43 47 54 55 56 57 62 63 65 66 69 70 71 72 80 81 82 83 86 87 88 89 90 91 92 93 94 95 96 97
44
0 1 2 4 15 16 17 18 19 20 21 22 23 25 31 34 35 36 42 43 44 47 49 50 54 55 56 57 61 63 64 69 70 71 82 83 84 86 87 90 93 94 95 96
16
6 7 22 32 36 39 40 42 50 51 52 63 70 83 84 85
10
6 7 8 17 50 54 84 85 86 87
34
0 1 15 16 17 18 21 22 23 34 35 36 48 49 54 56 57 63 64 69 70 71 72 76 78 82 83 85 86 87 88 89 90 97
33
0 1 15 16 17 18 21 22 23 34 35 36 48 49 54 56 57 63 64 69 70 71 72 78 82 83 85 86 87 88 89 90 97
23
0 1 15 18 22 23 34 35 36 49 55 56 57 68 69 70 71 82 86 87 88 89 90
23
0 1 15 18 22 23 34 35 36 49 55 56 57 68 69 70 71 82 86 87 88 89 90
57
0 1 2 4 5 10 11 12 13 15 17 18 19 20 21 22 23 26 29 31 34 35 36 43 47 49 50 54 55 56 57 58 62 63 64 65 66 69 70 71 72 80 81 82 83 86 87 88 89 90 91 92 93 94 95 96 97
18
0 1 3 4 5 24 25 26 43 55 56 57 69 82 90 91 92 95
22
1 2 3 4 5 6 7 24 25 26 27 41 43 56 57 82 90 91 92 94 95 96
16
1 4 5 31 32 45 54 56 57 82 83 90 93 94 95 96
30
0 1 3 4 5 22 25 26 31 32 36 43 47 51 52 54 55 56 57 69 72 82 83 90 92 93 94 95 96 97
42
0 1 2 3 4 5 7 15 19 20 22 23 24 25 26 28 31 32 35 36 43 47 52 53 54 55 56 57 69 70 71 72 82 83 90 91 92 93 94 95 96 97
40
0 1 3 4 5 6 7 19 20 22 25 26 28 31 32 36 39 40 43 47 49 52 53 54 55 56 57 69 71 72 82 83 90 92 93 94 95 96 97 98
41
1 13 15 19 20 22 23 35 36 38 39 40 41 48 49 50 51 52 53 54 56 57 63 69 70 71 72 73 78 80 81 82 86 87 90 94 95 96 97 98 99
11
13 25 48 52 53 54 72 96 97 98 99
9
0 13 52 53 54 72 97 98 99
0 0
