300 60
4
0 1 14 161
18
0 1 14 15 75 78 79 131 169 178 196 203 215 241 255 257 275 296
16
2 10 46 74 91 95 125 127 128 129 130 162 190 194 202 217
14
3 50 52 56 57 67 116 118 160 209 225 226 229 249
4
4 52 57 284
3
5 101 218
1
6
12
7 37 49 77 107 159 165 179 234 244 251 264
14
8 9 17 33 83 108 154 155 173 214 215 224 236 237
16
8 9 11 29 40 46 63 85 129 130 163 173 184 202 269 291
16
2 10 19 20 74 91 95 127 128 129 130 135 190 222 240 284
29
9 11 12 29 38 46 63 71 100 107 109 129 130 134 158 160 171 172 173 181 202 211 263 269 275 276 278 287 294
22
11 12 15 29 79 96 118 126 145 150 176 178 180 182 191 221 233 235 259 273 275 279
12
13 19 20 54 200 213 239 240 254 259 262 271
14
0 1 14 15 79 82 118 131 169 178 243 255 257 281
32
1 12 14 15 33 38 55 61 62 78 79 86 104 131 158 164 178 182 191 203 214 215 219 230 232 233 248 254 255 257 271 275
1
16
36
8 17 18 19 26 36 52 53 56 57 69 72 73 75 81 82 115 117 122 167 169 177 187 190 201 215 222 224 229 241 243 270 273 280 281 297
23
17 18 19 20 26 56 62 69 75 82 100 115 133 156 169 187 224 229 240 243 270 281 297
23
10 13 17 18 19 20 69 74 91 92 95 99 127 128 129 141 224 238 239 240 254 259 262
18
10 13 18 19 20 53 69 74 91 95 99 127 128 141 239 240 254 259
1
21
2
22 23
2
22 23
15
24 25 75 77 78 79 104 111 112 151 174 177 228 251 254
17
24 25 75 77 78 79 104 111 112 131 151 174 177 228 251 254 267
26
17 18 26 45 56 62 63 75 82 115 133 147 166 167 183 187 195 224 229 243 269 270 280 281 288 297
5
27 159 165 190 264
3
28 174 206
23
9 11 12 29 38 46 100 107 125 129 130 134 156 158 160 171 172 173 181 202 269 276 278
16
30 36 73 82 147 148 167 169 215 222 224 241 243 281 285 286
26
31 32 54 55 61 62 79 86 92 100 108 118 131 133 156 164 182 186 189 193 233 238 239 240 248 259
18
31 32 33 55 79 92 108 109 131 155 214 215 217 236 237 238 239 255
15
8 15 32 33 56 65 82 108 169 178 214 215 229 243 281
11
34 138 146 183 195 196 197 241 242 277 296
1
35
22
17 30 36 66 73 82 85 122 123 132 169 196 215 222 224 229 241 242 243 277 281 296
8
7 37 42 49 153 230 234 251
21
11 15 29 38 46 69 92 100 125 130 134 156 158 159 165 172 178 179 202 239 264
12
39 40 94 101 131 163 177 218 219 221 232 255
10
9 39 40 162 163 173 190 200 223 278
7
41 86 144 164 174 206 274
3
37 42 49
6
43 81 122 123 201 231
1
44
8
26 45 118 147 166 167 195 280
25
2 9 11 29 38 46 62 63 84 85 109 128 129 130 133 134 160 172 173 190 202 260 269 276 294
8
47 48 55 85 90 164 181 194
6
47 48 90 129 194 199
8
7 37 42 49 153 230 234 251
9
3 50 51 52 57 116 139 225 226
2
50 51
26
3 4 17 50 52 56 57 67 96 116 118 186 189 196 205 209 211 215 224 225 226 229 249 268 287 296
26
17 20 53 54 76 81 115 117 122 123 126 145 168 182 187 188 201 224 229 231 233 250 255 272 273 283
12
13 31 53 54 55 86 164 240 245 248 252 259
27
15 31 32 47 54 55 61 78 79 86 92 97 102 131 164 174 178 186 189 203 213 238 239 248 251 252 255
28
3 17 18 26 33 52 56 57 65 75 82 115 122 123 169 187 214 215 224 225 226 229 231 243 270 274 281 297
24
3 4 17 50 52 56 57 67 96 116 118 186 196 205 209 211 215 224 225 226 229 249 287 296
6
58 78 79 104 111 254
2
59 205
1
60
21
15 31 55 61 86 92 96 102 118 140 143 164 178 186 189 190 193 213 238 239 248
34
15 18 26 31 46 62 63 66 79 83 84 85 92 109 130 131 132 133 147 167 186 202 203 220 236 238 239 246 255 260 263 269 280 294
29
9 11 26 46 62 63 66 79 83 84 85 130 131 132 133 147 171 173 202 203 238 239 246 255 260 263 269 279 294
6
64 65 171 219 232 278
11
33 56 64 65 66 82 168 188 214 215 283
10
36 62 63 65 66 73 97 132 133 160
8
3 52 57 67 115 116 225 226
5
68 69 156 207 253
19
17 18 19 20 38 68 69 77 92 99 100 141 156 158 224 238 239 251 253
5
70 94 106 256 291
10
11 71 72 83 119 134 160 172 236 284
9
17 71 72 83 134 160 172 236 284
21
17 30 36 66 73 82 85 122 123 132 169 196 215 222 224 229 241 242 243 277 281
18
2 10 19 20 74 91 95 127 128 129 130 135 190 217 222 240 259 284
23
1 17 18 24 25 26 56 75 82 111 115 129 162 177 187 190 223 224 229 243 270 281 297
20
53 76 77 115 132 145 159 165 168 179 187 188 190 244 250 251 264 266 273 283
16
7 24 25 69 76 77 86 92 100 111 129 156 164 250 251 283
28
1 15 24 25 55 58 78 79 86 104 111 112 126 131 164 177 178 182 203 221 232 233 240 254 255 259 267 273
37
1 12 14 15 24 25 31 32 55 58 62 63 78 79 86 104 111 131 133 151 153 158 164 178 189 203 215 219 230 232 248 254 255 267 269 271 275
1
80
24
17 43 53 81 115 116 117 122 123 126 145 153 182 187 188 200 201 224 229 230 231 233 270 273
34
14 17 18 26 30 33 36 56 65 73 75 82 101 115 132 146 148 169 183 196 214 215 222 224 229 241 242 243 257 270 277 281 296 297
13
8 62 63 71 72 83 108 133 155 236 237 269 276
9
46 62 63 84 130 202 207 269 294
18
9 36 46 47 62 63 73 85 130 133 173 184 202 256 262 269 290 291
21
15 31 41 54 55 61 77 78 79 86 131 164 174 178 186 189 203 239 248 251 255
2
87 227
4
88 125 153 230
2
89 90
5
47 48 89 90 194
20
2 10 19 20 74 91 95 127 128 129 130 135 169 190 202 217 222 240 259 284
35
19 31 32 38 55 61 62 69 77 92 96 100 118 126 133 140 143 145 156 158 164 182 186 189 193 221 233 238 239 240 248 259 273 275 278
1
93
10
39 70 94 95 101 126 182 221 233 273
12
2 10 19 20 74 91 94 95 127 128 129 222
21
12 52 57 61 92 96 118 180 186 189 193 196 226 238 239 241 248 249 257 275 296
5
55 66 97 132 164
6
98 159 165 179 244 264
7
19 20 69 99 100 141 156
21
11 18 29 31 38 69 77 92 99 100 125 126 156 158 182 186 189 233 238 239 251
9
5 39 82 94 101 218 232 243 281
9
55 61 102 143 164 186 189 193 248
4
103 170 220 228
16
15 24 25 58 78 79 104 111 131 178 182 203 233 254 255 267
3
105 106 225
6
70 105 106 151 256 265
11
7 11 29 107 134 160 171 172 181 202 278
11
8 31 32 33 83 108 109 155 214 236 237
13
11 32 46 62 108 109 130 133 155 173 202 217 276
1
110
18
24 25 58 75 77 78 79 104 111 112 131 151 174 177 251 254 255 267
6
24 25 78 111 112 177
4
113 131 192 255
1
114
34
17 18 26 53 56 67 75 76 81 82 115 116 117 122 123 126 145 168 182 187 188 201 221 224 229 231 233 243 270 272 273 281 289 297
12
3 50 52 57 67 81 115 116 187 225 226 287
17
17 53 81 115 117 122 123 126 145 187 201 224 229 233 273 289 293
33
3 12 14 31 45 52 57 61 92 96 118 124 140 143 164 180 183 186 189 193 196 225 226 238 239 241 242 248 249 257 268 277 296
3
71 119 227
1
120
2
121 157
21
17 36 43 53 56 73 81 115 117 122 123 124 153 187 199 201 224 230 231 273 297
18
36 43 53 56 73 81 115 117 122 123 124 153 187 201 229 230 231 297
8
118 122 123 124 125 207 216 231
9
2 29 38 88 100 124 125 158 246
27
12 53 78 81 92 94 100 115 117 126 145 180 182 184 187 191 201 220 221 224 233 238 239 272 273 275 291
12
2 10 19 20 74 91 95 127 128 129 135 222
20
2 10 19 20 46 74 91 95 127 128 129 130 135 190 202 217 222 240 259 284
28
2 9 10 11 19 29 46 48 74 75 77 91 95 127 128 129 130 162 163 168 173 188 190 194 202 217 223 251
28
2 9 10 11 29 38 46 62 63 74 84 85 91 109 128 129 130 133 134 160 172 173 190 202 217 269 276 294
33
1 14 15 25 31 32 39 55 62 63 78 79 86 104 111 113 131 133 153 164 178 189 203 215 219 230 232 248 254 255 267 269 275
15
36 62 63 66 73 76 82 97 132 133 169 243 250 269 281
32
18 26 31 46 62 63 66 79 83 85 92 109 130 131 132 133 147 167 186 202 203 220 236 238 239 246 255 260 263 269 280 294
21
11 29 38 46 71 72 107 130 134 160 171 172 181 200 202 211 263 276 278 287 298
7
10 74 91 127 128 135 136
3
135 136 212
2
137 168
13
34 138 146 183 195 196 197 241 242 243 277 281 296
2
50 139
11
61 92 118 140 164 186 189 193 238 239 248
6
19 20 69 99 141 240
5
142 171 278 285 286
15
61 92 102 118 143 144 186 189 193 195 238 239 248 263 265
6
41 143 144 151 186 193
26
12 53 76 81 92 115 117 126 145 152 182 183 187 191 196 201 220 221 224 233 250 272 273 275 277 296
19
34 82 138 146 167 169 183 195 196 197 198 207 241 242 243 277 280 281 296
17
26 30 45 62 63 133 147 148 166 167 183 195 198 269 280 284 288
12
30 82 147 148 149 166 167 169 222 243 280 281
6
148 149 150 191 267 275
11
12 149 150 158 159 165 179 213 244 248 264
9
24 25 79 106 111 144 151 203 265
3
145 152 273
16
37 49 79 81 88 122 123 131 153 154 199 201 230 231 234 255
4
8 153 154 230
10
8 32 83 108 109 155 220 236 237 276
17
18 29 31 38 68 69 77 92 99 100 156 158 182 186 238 239 251
2
121 157
20
11 15 29 38 69 79 92 100 125 150 156 158 159 165 172 178 179 202 244 264
20
7 27 38 76 98 150 158 159 165 168 179 180 213 244 245 250 252 264 283 294
20
3 11 29 46 66 71 72 107 130 134 160 171 172 181 202 211 263 276 278 287
2
0 161
11
2 40 75 129 162 163 177 189 190 200 223
12
9 39 40 129 162 163 171 190 200 223 262 278
31
15 31 41 47 54 55 61 77 78 79 86 92 97 102 118 131 140 164 174 178 186 189 193 203 213 232 238 239 248 251 255
19
7 27 38 76 98 150 158 159 165 168 179 180 213 244 245 250 264 283 294
12
26 45 147 148 166 167 183 195 224 277 280 288
19
17 26 30 45 62 133 146 147 148 166 167 183 195 224 229 277 280 284 288
17
53 65 76 115 129 137 159 165 168 179 187 188 244 250 264 267 283
31
1 14 17 18 30 33 36 56 73 82 91 132 146 148 169 183 196 214 215 222 224 229 241 242 243 257 270 277 281 296 297
3
103 170 228
21
11 29 63 64 107 134 142 160 163 171 172 181 193 200 235 262 263 269 278 285 286
23
11 29 38 46 71 72 107 130 134 158 160 171 172 173 181 200 202 211 263 276 278 287 298
18
8 9 11 29 40 46 63 85 109 129 130 172 173 184 202 269 291 294
12
24 25 28 41 55 86 111 164 174 206 247 248
1
175
2
12 176
14
17 24 25 39 75 78 111 112 162 177 190 224 229 270
26
1 12 14 15 33 38 55 61 78 79 86 104 131 158 164 178 191 203 214 215 232 233 255 257 271 275
20
7 38 76 98 150 158 159 165 168 179 180 213 244 245 248 250 252 264 283 294
16
12 96 118 126 159 165 179 180 182 186 191 233 235 244 264 275
9
11 29 47 107 134 160 171 172 181
29
12 15 31 53 78 81 92 94 100 104 115 126 145 156 180 182 186 187 191 201 221 233 235 238 239 254 272 273 275
26
26 34 82 118 138 145 146 147 166 167 169 183 189 193 195 196 197 198 207 241 242 243 277 280 281 296
10
9 85 126 173 184 213 228 256 290 291
2
185 192
36
31 52 55 57 61 62 86 92 96 100 102 118 133 140 143 144 156 164 180 182 186 189 190 193 196 213 233 238 239 240 241 248 249 259 263 296
33
17 18 26 53 56 75 76 81 115 116 117 122 123 126 145 168 182 187 188 201 221 224 229 231 233 243 250 270 272 273 275 281 297
14
53 65 76 81 115 129 168 187 188 201 250 267 273 283
32
31 52 55 61 79 86 92 96 100 102 118 131 140 143 162 164 183 186 189 190 193 196 213 238 239 240 248 249 252 255 277 296
27
2 10 17 27 40 46 61 74 75 76 91 128 129 130 162 163 177 186 189 190 194 202 217 223 224 248 250
15
12 15 126 145 149 178 180 182 191 221 233 235 259 273 275
5
113 185 192 235 279
20
31 61 92 96 102 118 140 143 144 164 171 183 186 189 193 195 238 239 248 263
9
2 47 48 90 129 190 194 199 218
22
26 34 45 138 143 146 147 166 167 183 193 195 196 197 198 241 242 243 277 280 281 296
28
1 34 36 52 57 73 82 96 118 138 145 146 169 183 186 189 195 196 197 207 241 242 243 249 273 277 281 296
13
34 138 146 183 195 196 197 198 241 242 277 284 296
9
146 147 183 195 197 198 235 277 284
7
48 122 153 194 199 230 234
15
13 40 81 134 162 163 171 172 200 201 262 263 278 285 286
23
17 43 53 81 115 117 122 123 126 145 153 182 187 188 200 201 224 229 230 231 233 270 273
29
2 9 11 29 38 46 62 63 84 85 91 107 109 128 129 130 133 134 158 160 172 173 190 202 246 260 269 276 294
24
1 15 55 62 63 78 79 86 104 131 133 151 164 178 203 219 230 232 246 254 255 260 265 269
1
204
6
52 57 59 205 225 226
4
28 41 174 206
16
68 84 124 146 183 196 207 216 241 242 243 253 277 281 294 296
1
208
6
3 52 57 209 225 226
1
210
10
11 52 57 134 160 172 211 225 226 287
2
136 212
16
13 55 61 150 159 164 165 179 184 186 189 213 244 248 264 291
16
8 15 32 33 56 65 82 108 169 178 214 215 229 236 243 281
25
1 8 15 17 30 32 33 36 52 56 57 65 73 79 82 131 169 178 214 215 222 224 229 243 281
5
124 207 216 217 253
11
2 32 74 91 109 128 129 130 190 216 217
6
5 39 101 194 218 249
9
15 39 64 79 131 203 219 232 255
9
62 103 126 133 145 155 220 237 273
17
12 39 78 92 94 115 126 145 182 187 191 221 233 239 272 273 275
19
10 17 30 36 73 74 82 91 95 127 128 148 169 215 222 224 241 243 281
9
40 75 129 162 163 190 223 256 282
39
8 17 18 19 26 30 36 52 53 56 57 69 73 75 81 82 115 117 122 126 145 166 167 169 177 187 190 201 215 222 224 229 241 243 270 273 280 281 297
17
3 50 52 56 57 67 105 116 118 205 209 211 225 226 229 249 287
18
3 50 52 56 57 67 96 116 118 205 209 211 225 226 229 249 287 296
3
87 119 227
7
24 25 103 170 184 228 291
33
3 17 18 26 33 36 52 53 56 57 73 75 81 82 115 117 123 167 169 177 187 201 214 215 224 225 226 229 243 270 280 281 297
18
15 37 49 79 81 88 122 123 131 153 154 199 201 203 230 231 234 255
14
43 53 56 81 115 122 123 124 153 187 201 230 231 297
13
15 39 64 78 79 101 131 164 178 203 219 232 255
31
12 15 31 53 78 81 92 94 100 104 115 117 126 145 178 180 182 186 187 191 201 221 233 235 238 239 254 272 273 275 291
7
7 37 49 153 199 230 234
12
12 171 180 182 191 192 198 233 235 275 278 279
13
8 32 62 71 72 83 108 133 155 214 236 237 276
8
8 32 83 108 155 220 236 237
29
19 31 32 55 61 62 63 69 92 96 100 118 126 133 140 143 156 164 182 186 189 193 233 238 239 240 248 259 269
37
13 19 20 31 32 38 55 61 62 63 69 86 92 96 100 118 126 133 140 143 156 164 182 186 189 193 221 233 238 239 240 248 254 259 269 273 296
24
10 13 18 19 20 31 54 74 78 91 92 128 141 186 189 238 239 240 241 254 259 262 271 275
30
1 17 30 34 36 73 82 96 118 138 146 169 183 186 195 196 197 207 222 224 240 241 242 243 253 259 277 280 281 296
19
34 36 73 82 118 138 146 169 183 195 196 197 207 241 242 243 277 281 296
36
14 17 18 26 30 33 36 56 73 75 82 101 115 132 138 146 148 169 183 187 195 196 207 214 215 222 224 229 241 242 243 270 277 281 296 297
17
7 76 98 150 158 159 165 168 179 180 213 244 245 250 252 264 283
9
54 159 165 179 244 245 246 252 264
11
62 63 125 133 202 203 245 246 252 260 269
2
174 247
28
15 31 54 55 61 79 86 92 96 102 118 131 140 143 150 164 174 179 186 189 190 193 213 238 239 248 252 255
14
3 52 57 96 118 186 189 196 218 225 226 249 268 296
20
53 76 77 132 145 159 165 168 179 187 188 190 244 250 251 264 266 273 283 295
18
7 24 25 37 49 55 69 76 77 86 100 111 129 156 164 250 251 283
10
54 55 159 179 189 244 245 246 248 252
6
68 69 207 216 241 253
21
13 15 19 20 24 25 58 78 79 104 111 131 182 203 233 239 240 254 255 259 267
30
1 14 15 32 39 53 55 62 63 78 79 86 104 111 113 131 133 153 164 178 189 203 219 230 232 248 254 255 267 275
8
70 85 106 184 223 256 265 291
9
1 14 15 82 96 118 169 178 257
1
258
22
12 13 19 20 31 54 74 78 91 92 128 186 191 238 239 240 241 254 259 262 271 275
10
46 62 63 133 202 203 246 260 269 294
2
261 262
12
13 19 85 163 171 200 240 259 261 262 271 278
17
11 62 63 133 134 143 160 171 172 186 193 200 263 269 278 285 286
19
7 27 38 76 98 150 158 159 165 168 179 180 213 244 245 250 264 283 294
6
106 143 151 203 256 265
4
76 250 266 283
12
25 78 79 104 111 131 149 168 188 254 255 267
4
52 118 249 268
29
9 11 26 29 46 62 63 79 83 84 85 130 131 132 133 147 171 173 202 203 238 239 246 260 263 269 278 279 294
18
17 18 26 56 75 81 82 115 169 177 187 201 224 229 243 270 281 297
8
13 15 79 178 240 259 262 271
10
53 115 126 145 182 187 221 233 272 273
30
12 17 53 76 78 81 92 94 115 117 122 126 145 152 182 187 188 191 196 201 220 221 224 233 239 250 272 273 275 291
3
41 56 274
25
1 11 12 15 79 92 96 126 131 145 149 178 180 182 187 191 221 233 235 240 255 259 273 275 279
13
11 29 46 83 109 130 134 155 160 172 202 236 276
25
34 36 73 82 118 138 145 146 166 167 169 183 189 195 196 197 198 207 241 242 243 277 280 281 296
20
11 29 40 64 92 107 134 142 160 163 171 172 200 235 262 263 269 278 285 286
7
12 63 192 235 269 275 279
19
17 26 45 62 133 146 147 148 166 167 183 195 224 229 241 277 280 284 288
36
14 17 18 26 30 33 36 56 73 75 82 101 115 132 138 146 148 169 183 187 195 196 207 214 215 222 224 229 241 242 243 270 277 281 296 297
2
223 282
15
53 65 76 77 159 165 168 179 188 244 250 251 264 266 283
13
4 10 71 72 74 91 128 147 167 197 198 280 284
8
30 142 171 200 263 278 285 286
8
30 142 171 200 263 278 285 286
11
11 52 57 116 134 160 172 211 225 226 287
6
26 147 166 167 280 288
3
115 117 289
4
85 184 290 291
13
9 70 85 126 173 184 213 228 233 256 273 290 291
1
292
2
117 293
17
11 46 62 63 84 130 133 159 165 173 179 202 207 260 264 269 294
2
250 295
28
1 34 36 52 57 82 96 118 138 145 146 169 183 186 189 195 196 197 207 226 239 241 242 243 249 277 281 296
18
17 18 26 56 75 82 115 122 123 169 187 224 229 231 243 270 281 297
4
134 172 298 299
2
298 299
0 0
